1
3 4 4 4 4 4 4 4 4 4 
 3 3 3 4 4 4 4 4 3 4 
7 7 7 4 7 7 G 4 4 3 
 3 7 7 7 7 7 1 1 3 3 
3 3 3 7 7 6 1 1 1 3 
 0 3 3 3 7 1 1 6 2 3 
0 0 G 2 1 1 6 1 1 2
 0 0 2 2 1 1 0 5 2 2 
0 0 0 2 2 6 0 0 2 2 
 0 0 0 2 6 0 0 2 2 2  
2
4 4 3 6 6 2 2 2 0 0 
 4 5 3 6 2 2 2 B 0 0 
3 3 3 1 1 1 2 3 1 1 
 3 3 1 1 6 4 4 3 3 1 
3 0 0 6 1 1 4 4 3 3 
 0 0 B 1 6 1 6 4 4 3 
0 0 0 2 1 1 6 6 4 4 
 0 0 2 2 7 6 6 6 4 6 
0 7 2 2 6 6 6 6 6 6 
 2 2 2 6 6 6 6 6 6 6 
3 
0 0 0 2 2 6 0 2 2 2 
 0 0 0 5 2 6 0 2 2 2 
0 1 1 0 2 2 6 0 0 2 
 1 1 3 0 2 6 1 A 2 2 
1 1 1 3 3 6 1 1 6 6 
 7 7 3 0 0 6 6 6 4 4 
3 3 3 7 0 1 1 1 4 4 
 3 3 5 4 7 4 1 1 3 3 
6 6 6 4 4 4 4 7 3 3 
 6 6 6 6 4 4 4 4 4 3
4
0 0 2 2 2 6 0 2 2 1 
 0 1 2 2 6 0 2 2 1 1 
0 1 1 2 6 0 0 1 1 1 
 1 1 2 2 6 0 7 1 4 4 
3 1 5 2 6 0 4 4 4 4 
 3 3 2 6 0 0 7 7 4 4 
3 3 6 6 6 0 4 4 4 3 
 6 6 0 0 6 6 E 3 7 3 
6 4 5 0 6 7 6 3 3 3 
 6 4 4 6 6 6 6 3 3 3 
5
2 2 2 2 7 7 0 7 3 3 
 2 7 2 2 1 0 7 7 7 3 
1 1 2 1 1 1 0 0 6 7 
 4 1 1 1 6 D 0 6 7 7 
4 4 4 4 1 6 0 6 3 3 
 4 3 4 4 4 6 6 3 0 3 
4 4 3 4 4 6 1 5 0 3 
 3 3 D 4 6 1 1 1 0 0 
4 3 6 6 6 2 2 1 0 0 
 4 3 3 6 2 2 2 0 0 0 
6
4 4 3 6 6 2 2 1 1 1 
 4 3 6 1 1 2 2 2 0 0 
4 4 6 1 1 2 2 H 1 0 
 6 6 6 1 0 2 1 1 1 1 
6 6 6 6 0 0 0 0 1 1 
 6 2 2 6 0 0 3 3 4 3 
6 2 3 2 6 0 3 3 4 3 
 6 5 3 1 6 H 4 4 3 6 
6 6 3 1 6 6 6 4 4 6 
 6 6 6 6 6 6 6 6 6 6 
7
3 3 3 4 4 6 4 4 4 4 
 7 7 3 4 4 6 4 4 4 4 
7 7 3 7 7 6 4 4 F 1 
 7 3 7 7 6 7 4 1 1 1 
3 3 2 2 6 7 7 3 1 1 
 3 2 2 6 3 3 3 7 1 1 
3 F 2 2 6 1 1 1 1 1 
 0 0 2 6 0 5 0 1 0 2 
0 0 2 2 6 0 0 0 0 2 
 0 0 2 2 6 0 0 0 2 2 
8
1 4 4 7 7 4 4 3 3 3 
 1 1 4 4 4 7 7 3 3 3 
1 1 1 1 1 1 1 7 7 7 
 6 6 1 5 0 0 2 2 7 7 
1 1 6 6 0 0 0 2 2 3 
 1 3 3 6 0 2 2 3 3 3 
4 1 C 3 6 2 2 C 3 0 
 4 4 3 6 2 2 0 0 0 0 
4 4 4 6 2 2 2 0 0 0 
 4 4 6 6 2 2 2 0 0 0 
